%YAML:1.0
---
cam0_parameters:
   fx: 1.3193082376074433e+03
   fy: 1.3193342086260309e+03
   cx: 1.3419016019488961e+03
   cy: 9.9054353477251641e+02
cam0_distortions: !!opencv-matrix
   rows: 1
   cols: 5
   dt: d
   data: [ 1.0963749423341040e-03, -1.9516953835293487e-02,
       1.5250353748179994e-03, 6.4148458766398637e-04,
       5.3105181560499813e-03 ]
cam0Rotation: !!opencv-matrix
   rows: 3
   cols: 3
   dt: d
   data: [ 1., 0., 0., -3.7615819226313200e-37, 1., 0., 0., 0., 1. ]
cam0Translation: !!opencv-matrix
   rows: 3
   cols: 1
   dt: d
   data: [ 0., 0., 0. ]
cam2_parameters:
   fx: 6.3773556593293324e+02
   fy: 6.3796059746023502e+02
   cx: 6.3791557909939650e+02
   cy: 4.1137365680739890e+02
cam2_distortions: !!opencv-matrix
   rows: 1
   cols: 5
   dt: d
   data: [ -5.5981928419549659e-02, 6.6163777941340970e-02,
       1.7206973375992318e-03, 4.8927310500076083e-04,
       -2.1455274834645110e-02 ]
cam2Rotation: !!opencv-matrix
   rows: 3
   cols: 3
   dt: d
   data: [ 7.9020569569108268e-01, -5.9792401223455983e-03,
       -6.1281253837118188e-01, 1.1509746369600181e-01,
       9.8360668901583626e-01, 1.3881806501335070e-01,
       6.0193648531063404e-01, -1.8022799452599658e-01,
       7.7793980335307278e-01 ]
cam2Translation: !!opencv-matrix
   rows: 3
   cols: 1
   dt: d
   data: [ -5.1494121558347219e-02, -7.4973784442412567e-02,
       6.0870043966693613e-02 ]
cam3_parameters:
   fx: 6.3901807405426086e+02
   fy: 6.3842463488390990e+02
   cx: 6.4176141129827158e+02
   cy: 4.0781375487577895e+02
cam3_distortions: !!opencv-matrix
   rows: 1
   cols: 5
   dt: d
   data: [ -5.2822535828600997e-02, 5.8598532828527228e-02,
       1.8474987049499855e-03, 7.9765149081665546e-04,
       -1.8315504019023026e-02 ]
cam3Rotation: !!opencv-matrix
   rows: 3
   cols: 3
   dt: d
   data: [ 7.8426519009950524e-01, 4.1535409405400459e-03,
       6.2041184683711670e-01, -1.1786411985537164e-01,
       9.8276475260312246e-01, 1.4241309733181781e-01,
       -6.0912737653868843e-01, -1.8481393112689981e-01,
       7.7123773897062109e-01 ]
cam3Translation: !!opencv-matrix
   rows: 3
   cols: 1
   dt: d
   data: [ 5.4433151097201926e-02, -7.4296108230782240e-02,
       5.7968755357256478e-02 ]
cam4_parameters:
   fx: 6.3918998896050471e+02
   fy: 6.3925271023491723e+02
   cx: 6.3650574226663707e+02
   cy: 4.0915099561258268e+02
cam4_distortions: !!opencv-matrix
   rows: 1
   cols: 5
   dt: d
   data: [ -5.3536094558633576e-02, 5.9308206695332967e-02,
       1.7931257439689821e-03, 1.4919769128984397e-04,
       -1.8819525429956463e-02 ]
cam4Rotation: !!opencv-matrix
   rows: 3
   cols: 3
   dt: d
   data: [ 7.7688202910624382e-01, 1.6036240330178717e-03,
       6.2964413857489832e-01, -1.1778648405577456e-01,
       9.8271396641684394e-01, 1.4282718362781124e-01,
       -6.1853104774582157e-01, -1.8512344151736831e-01,
       7.6364170549755961e-01 ]
cam4Translation: !!opencv-matrix
   rows: 3
   cols: 1
   dt: d
   data: [ 1.2855206863938420e-01, -8.5258178765876283e-02,
       -1.6166714557498040e-04 ]
cam1_parameters:
   fx: 6.3751669331142875e+02
   fy: 6.3768100871479271e+02
   cx: 6.3734180093844691e+02
   cy: 4.1238229368639418e+02
cam1_distortions: !!opencv-matrix
   rows: 1
   cols: 5
   dt: d
   data: [ -5.6832893900806696e-02, 6.8271956564340056e-02,
       1.6175491621240015e-03, 9.4582342943862446e-04,
       -2.2747487531892187e-02 ]
cam1Rotation: !!opencv-matrix
   rows: 3
   cols: 3
   dt: d
   data: [ 7.8403881699101297e-01, -7.6206061717392411e-03,
       -6.2066501416859943e-01, 1.1547011774289767e-01,
       9.8426096106758121e-01, 1.3377971605128314e-01,
       6.0987686081681580e-01, -1.7655675257518713e-01,
       7.7257875181778712e-01 ]
cam1Translation: !!opencv-matrix
   rows: 3
   cols: 1
   dt: d
   data: [ -1.2605484836542483e-01, -8.5645133131664247e-02,
       3.8150988941152990e-03 ]
baselinkRotation: !!opencv-matrix
   rows: 3
   cols: 3
   dt: d
   data: [ 0., -1., 0., 0., 0., -1., 1., 0., 0. ]
baselinkTranslation: !!opencv-matrix
   rows: 3
   cols: 1
   dt: d
   data: [ 0., 3.3900000000000002e-01, -2.5400000000000000e-01 ]
distortion_order:
   - k1
   - k2
   - r1
   - r2
   - k3
