%YAML:1.0
---
cam0_parameters:
   fx: 1.3238671074187266e+03
   fy: 1.3249036880541478e+03
   cx: 1.3359012739276789e+03
   cy: 9.8216445234386811e+02
cam0_distortions: !!opencv-matrix
   rows: 1
   cols: 5
   dt: d
   data: [ 2.0253860425648359e-03, -1.8789878921937991e-02,
       3.3182978229748228e-04, -6.3714954811963306e-04,
       4.7107135523336650e-03 ]
cam0Rotation: !!opencv-matrix
   rows: 3
   cols: 3
   dt: d
   data: [ 1., 0., 0., 0., 1., 0., 0., 0., 1. ]
cam0Translation: !!opencv-matrix
   rows: 3
   cols: 1
   dt: d
   data: [ 0., 0., 0. ]
cam2_parameters:
   fx: 6.3951973363585023e+02
   fy: 6.3979507993103095e+02
   cx: 6.3563627077445938e+02
   cy: 4.0821739234238891e+02
cam2_distortions: !!opencv-matrix
   rows: 1
   cols: 5
   dt: d
   data: [ -4.6340987599819174e-02, 5.2550470455531358e-02,
       4.3706707782010742e-04, -5.4948498450827095e-04,
       -1.3233068830128720e-02 ]
cam2Rotation: !!opencv-matrix
   rows: 3
   cols: 3
   dt: d
   data: [ 7.9342311778802543e-01, -7.6226750899496300e-03,
       -6.0862274931520699e-01, 1.1906456713189502e-01,
       9.8254773442123411e-01, 1.4291108577501432e-01,
       5.9691153868326485e-01, -1.8585436343592290e-01,
       7.8048367733002910e-01 ]
cam2Translation: !!opencv-matrix
   rows: 3
   cols: 1
   dt: d
   data: [ -5.0416181585173366e-02, -7.5038835056457837e-02,
       6.0514737765074399e-02 ]
cam4_parameters:
   fx: 6.4019668087581522e+02
   fy: 6.3978042053464458e+02
   cx: 6.3776282180958970e+02
   cy: 4.0549025111807663e+02
cam4_distortions: !!opencv-matrix
   rows: 1
   cols: 5
   dt: d
   data: [ -5.2247592877971587e-02, 6.0667637454015252e-02,
       4.7464312920165362e-04, 5.1974965123802619e-04,
       -2.0330727358781161e-02 ]
cam4Rotation: !!opencv-matrix
   rows: 3
   cols: 3
   dt: d
   data: [ 7.7298872865636825e-01, -8.7920961232264595e-03,
       6.3435882938284305e-01, -1.2310359651207244e-01,
       9.7882050684076216e-01, 1.6357236904130815e-01,
       -6.2236157488714217e-01, -2.0453145096476724e-01,
       7.5553488051197415e-01 ]
cam4Translation: !!opencv-matrix
   rows: 3
   cols: 1
   dt: d
   data: [ 1.2937725960318358e-01, -8.5557001791882095e-02,
       2.0344658223464341e-03 ]
cam3_parameters:
   fx: 6.3938149366133132e+02
   fy: 6.3858877663975386e+02
   cx: 6.4218604536659052e+02
   cy: 4.0412987219386395e+02
cam3_distortions: !!opencv-matrix
   rows: 1
   cols: 5
   dt: d
   data: [ -4.9092458396194173e-02, 5.3997797324757575e-02,
       6.0319878131523050e-04, 8.0526389530135645e-04,
       -1.5814916524141905e-02 ]
cam3Rotation: !!opencv-matrix
   rows: 3
   cols: 3
   dt: d
   data: [ 7.8114331628657774e-01, -6.1903846366462914e-03,
       6.2432107009042825e-01, -1.2288294027121914e-01,
       9.7886774396617693e-01, 1.6345556831404298e-01,
       -6.1213961022883279e-01, -2.0440063346432455e-01,
       7.6387530306213924e-01 ]
cam3Translation: !!opencv-matrix
   rows: 3
   cols: 1
   dt: d
   data: [ 5.5640972615347617e-02, -7.3966998888292168e-02,
       6.1019126438747462e-02 ]
cam1_parameters:
   fx: 6.3970954842301740e+02
   fy: 6.3977005949349098e+02
   cx: 6.3451236831698839e+02
   cy: 4.0913396135462136e+02
cam1_distortions: !!opencv-matrix
   rows: 1
   cols: 5
   dt: d
   data: [ -4.9240517198318394e-02, 5.8469398036394567e-02,
       2.7011126960436679e-04, -3.5498318100374944e-04,
       -1.6858538174065157e-02 ]
cam1Rotation: !!opencv-matrix
   rows: 3
   cols: 3
   dt: d
   data: [ 7.8706912207514634e-01, -9.0883358225397615e-03,
       -6.1679785929251962e-01, 1.1916365922542987e-01,
       9.8329763684784621e-01, 1.3757099872228298e-01,
       6.0524558601931455e-01, -1.8177777510305684e-01,
       7.7500620712528401e-01 ]
cam1Translation: !!opencv-matrix
   rows: 3
   cols: 1
   dt: d
   data: [ -1.2586526056953448e-01, -8.6255031797516715e-02,
       3.3168603965027430e-03 ]
baselinkRotation: !!opencv-matrix
   rows: 3
   cols: 3
   dt: d
   data: [ 0., -1., 0., 0., 0., -1., 1., 0., 0. ]
baselinkTranslation: !!opencv-matrix
   rows: 3
   cols: 1
   dt: d
   data: [ 0., 3.3900000000000002e-01, -2.5400000000000000e-01 ]
distortion_order:
   - k1
   - k2
   - r1
   - r2
   - k3
