%YAML:1.0
---
cam0_parameters:
   fx: 1.3200684584578946e+03
   fy: 1.3197073438167142e+03
   cx: 1.3431350439847085e+03
   cy: 9.8639616629269585e+02
cam0_distortions: !!opencv-matrix
   rows: 1
   cols: 5
   dt: d
   data: [ 1.6280046433933774e-03, -1.9797221543379394e-02,
       7.9629412734418469e-04, 8.9751172220897929e-04,
       5.4836519554554803e-03 ]
cam0Rotation: !!opencv-matrix
   rows: 3
   cols: 3
   dt: d
   data: [ 1., 0., 0., -1.1754943508222878e-38, 1., 0., 0., 0., 1. ]
cam0Translation: !!opencv-matrix
   rows: 3
   cols: 1
   dt: d
   data: [ 0., 0., 0. ]
cam2_parameters:
   fx: 6.3871753562750905e+02
   fy: 6.3890322095225531e+02
   cx: 6.3820161625465039e+02
   cy: 4.0940860901937305e+02
cam2_distortions: !!opencv-matrix
   rows: 1
   cols: 5
   dt: d
   data: [ -5.4121631915424996e-02, 6.4677017572144974e-02,
       1.0130959941143049e-03, 5.8640717804222219e-04,
       -2.0722471725533959e-02 ]
cam2Rotation: !!opencv-matrix
   rows: 3
   cols: 3
   dt: d
   data: [ 7.9050648156436387e-01, -6.5673896861729794e-03,
       -6.1241846150931789e-01, 1.1569781774574095e-01,
       9.8353951512480575e-01, 1.3879494643874848e-01,
       6.0142623618661950e-01, -1.8057378431204149e-01,
       7.7825419423580688e-01 ]
cam2Translation: !!opencv-matrix
   rows: 3
   cols: 1
   dt: d
   data: [ -5.1357985302632046e-02, -7.5243012313893465e-02,
       5.9971650368685597e-02 ]
cam4_parameters:
   fx: 6.3964638720041148e+02
   fy: 6.3937748318947615e+02
   cx: 6.3680947570282240e+02
   cy: 4.0722197632678905e+02
cam4_distortions: !!opencv-matrix
   rows: 1
   cols: 5
   dt: d
   data: [ -5.3589550292928764e-02, 5.9596104154107918e-02,
       1.1637922880779403e-03, 2.6519390703344276e-04,
       -1.8878946940829391e-02 ]
cam4Rotation: !!opencv-matrix
   rows: 3
   cols: 3
   dt: d
   data: [ 7.7748372399718513e-01, 2.4457988575245851e-03,
       6.2889830416961479e-01, -1.1850823765357571e-01,
       9.8264772717974613e-01, 1.4268581526109272e-01,
       -6.1763650841551809e-01, -1.8546552870123226e-01,
       7.6428246161733948e-01 ]
cam4Translation: !!opencv-matrix
   rows: 3
   cols: 1
   dt: d
   data: [ 1.2864805947843722e-01, -8.5240104517619542e-02,
       4.7552117235374279e-04 ]
cam3_parameters:
   fx: 6.3948470967236642e+02
   fy: 6.3858818483764333e+02
   cx: 6.4214242689435605e+02
   cy: 4.0583554070212489e+02
cam3_distortions: !!opencv-matrix
   rows: 1
   cols: 5
   dt: d
   data: [ -5.2835144356632002e-02, 5.9080407653483054e-02,
       1.1834059996974663e-03, 9.5650135823699205e-04,
       -1.8590912675647372e-02 ]
cam3Rotation: !!opencv-matrix
   rows: 3
   cols: 3
   dt: d
   data: [ 7.8477022128560781e-01, 5.1076265008778068e-03,
       6.1976577183228287e-01, -1.1866502550463390e-01,
       9.8270511154731044e-01, 1.4215933124762703e-01,
       -6.0832089517402110e-01, -1.8510693096239131e-01,
       7.7180380447647579e-01 ]
cam3Translation: !!opencv-matrix
   rows: 3
   cols: 1
   dt: d
   data: [ 5.4402901161347057e-02, -7.4185347367026977e-02,
       5.8451408190972214e-02 ]
cam1_parameters:
   fx: 6.3857455355817581e+02
   fy: 6.3870652911532136e+02
   cx: 6.3772219491397755e+02
   cy: 4.1043413977565876e+02
cam1_distortions: !!opencv-matrix
   rows: 1
   cols: 5
   dt: d
   data: [ -5.5304450409460505e-02, 6.7488914445091641e-02,
       9.3894870519240371e-04, 1.0792023986138199e-03,
       -2.2462183255248059e-02 ]
cam1Rotation: !!opencv-matrix
   rows: 3
   cols: 3
   dt: d
   data: [ 7.8446370903601914e-01, -8.1216213697042003e-03,
       -6.2012154330564806e-01, 1.1599405307896185e-01,
       9.8419053558758884e-01, 1.3384457146305787e-01,
       6.0923071890357472e-01, -1.7692662017385000e-01,
       7.7300381772543136e-01 ]
cam1Translation: !!opencv-matrix
   rows: 3
   cols: 1
   dt: d
   data: [ -1.2588022726406303e-01, -8.6040763394190062e-02,
       2.8601554647465469e-03 ]
...
---
baselinkRotation: !!opencv-matrix
   rows: 3
   cols: 3
   dt: d
   data: [ 0., -1., 0., 0., 0., -1., 1., 0., 0. ]
baselinkTranslation: !!opencv-matrix
   rows: 3
   cols: 1
   dt: d
   data: [ 0., 3.3900000000000002e-01, -2.5400000000000000e-01 ]
...
---
distortion_order:
   - k1
   - k2
   - r1
   - r2
   - k3
